16.08		31.4716
16.06		29.7106
16.04		26.5805
16.02		27.4531
16		30.5829
15.98		26.1109
15.96		29.6307
15.94		29.9628
15.92		28.2257
15.9		26.8851
15.88		27.8714
15.86		27.4066
15.84		26.1484
15.82		27.4876
15.8		26.7841
15.78		29.5029
15.76		29.3791
15.74		30.1526
15.72		33.2882
15.7		29.3083
15.68		26.2238
15.66		28.1028
15.64		29.1495
15.62		25.9658
15.6		32.1291
15.58		28.0875
15.56		27.981
15.54		29.0836
15.52		27.5163
15.5		30.9293
15.48		31.0477
15.46		29.2394
15.44		29.1877
15.42		29.3749
15.4		27.7808
15.38		30.5042
15.36		31.1363
15.34		28.2467
15.32		29.5061
15.3		30.62
15.28		29.0697
15.26		29.6523
15.24		27.5405
15.22		26.3209
15.2		27.9029
15.18		29.7909
15.16		27.9147
15.14		26.6414
15.12		31.0259
15.1		28.6449
15.08		29.8598
15.06		30.1584
15.04		28.6852
15.02		31.4981
15		28.791
14.98		29.0665
14.96		32.9862
14.94		31.4355
14.92		26.8342
14.9		29.9599
14.88		30.0791
14.86		28.8579
14.84		27.9926
14.82		28.0478
14.8		32.5088
14.78		30.0715
14.76		30.3282
14.74		30.2448
14.72		29.3483
14.7		30.899
14.68		26.2832
14.66		30.932
14.64		29.0799
14.62		30.6485
14.6		30.5865
14.58		29.7073
14.56		29.109
14.54		32.8986
14.52		30.2031
14.5		31.4891
14.48		29.6105
14.46		28.7519
14.44		30.1734
14.42		33.9013
14.4		29.1032
14.38		28.1492
14.36		33.2501
14.34		34.1195
14.32		33.9802
14.3		33.0019
14.28		32.829
14.26		29.0178
14.24		32.3703
14.22		35.3423
14.2		31.3866
14.18		30.2451
14.16		31.9273
14.14		32.2368
14.12		33.3936
14.1		32.9705
14.08		34.4864
14.06		32.0298
14.04		31.8796
14.02		31.9089
14		32.5361
13.98		29.5052
13.96		31.3413
13.94		33.3873
13.92		32.1047
13.9		27.7984
13.88		28.6919
13.86		34.0878
13.84		34.207
13.82		33.1481
13.8		35.1476
13.78		35.6807
13.76		34.653
13.74		36.1562
13.72		32.6069
13.7		34.5456
13.68		35.5232
13.66		35.1592
13.64		32.7723
13.62		31.2092
13.6		31.4809
13.58		32.7955
13.56		31.464
13.54		34.1839
13.52		34.623
13.5		33.916
13.48		32.8915
13.46		34.0716
13.44		31.8623
13.42		35.648
13.4		37.9364
13.38		38.3267
13.36		33.4846
13.34		36.2174
13.32		37.3452
13.3		36.7613
13.28		37.6983
13.26		33.2901
13.24		33.5864
13.22		32.6734
13.2		33.9871
13.18		35.2682
13.16		34.7701
13.14		39.2717
13.12		35.7178
13.1		38.383
13.08		34.784
13.06		41.5478
13.04		35.611
13.02		38.3658
13		38.6148
12.98		37.6825
12.96		34.6513
12.94		34.9871
12.92		38.5557
12.9		38.8805
12.88		37.449
12.86		38.3612
12.84		33.0798
12.82		36.3384
12.8		40.2037
12.78		43.758
12.76		39.6078
12.74		39.3021
12.72		38.1069
12.7		40.3235
12.68		38.1123
12.66		37.7649
12.64		38.8751
12.62		42.3336
12.6		35.7096
12.58		38.1491
12.56		38.9816
12.54		40.7485
12.52		36.3762
12.5		44.91
12.48		40.4943
12.46		40.4131
12.44		39.9575
12.42		41.2391
12.4		43.8665
12.38		42.9312
12.36		43.2267
12.34		38.5545
12.32		39.2836
12.3		41.0065
12.28		43.1616
12.26		44.0845
12.24		49.1087
12.22		41.2015
12.2		41.9483
12.18		43.5732
12.16		44.1459
12.14		44.2076
12.12		45.0857
12.1		46.3863
12.08		41.5464
12.06		44.2563
12.04		45.7223
12.02		44.8432
12		42.1596
11.98		46.5979
11.96		45.1187
11.94		44.7927
11.92		45.8575
11.9		45.4171
11.88		44.4781
11.86		41.4453
11.84		45.7682
11.82		40.2419
11.8		44.8975
11.78		44.4171
11.76		45.432
11.74		46.6717
11.72		45.0321
11.7		48.9573
11.68		48.0535
11.66		47.0081
11.64		46.2673
11.62		47.1387
11.6		42.6064
11.58		44.9969
11.56		45.5436
11.54		47.2087
11.52		48.2279
11.5		48.0009
11.48		45.4118
11.46		48.209
11.44		41.542
11.42		49.1314
11.4		48.1079
11.38		46.3806
11.36		50.9551
11.34		42.9901
11.32		45.3596
11.3		46.6548
11.28		46.3987
11.26		50.1557
11.24		50.2151
11.22		50.1252
11.2		49.7709
11.18		51.0843
11.16		53.2704
11.14		49.6946
11.12		46.7656
11.1		50.0008
11.08		49.9247
11.06		53.5299
11.04		54.4137
11.02		49.6546
11		53.5261
10.98		51.8239
10.96		57.888
10.94		52.0392
10.92		51.1522
10.9		53.4261
10.88		51.596
10.86		51.3509
10.84		52.5391
10.82		55.1047
10.8		52.7149
10.78		47.194
10.76		52.6488
10.74		52.6903
10.72		53.2876
10.7		52.7459
10.68		53.5232
10.66		50.1016
10.64		48.7279
10.62		50.8956
10.6		54.5845
10.58		51.3121
10.56		51.0366
10.54		54.5434
10.52		51.7342
10.5		54.1506
10.48		55.8981
10.46		55.2789
10.44		56.3929
10.42		57.0857
10.4		56.2668
10.38		59.7737
10.36		53.798
10.34		57.087
10.32		61.5086
10.3		56.5576
10.28		56.9665
10.26		56.4716
10.24		55.1938
10.22		55.7661
10.2		55.6629
10.18		55.6257
10.16		54.2111
10.14		54.6429
10.12		54.2005
10.1		54.1748
10.08		60.1551
10.06		57.0681
10.04		56.2598
10.02		59.9705
10		58.9319
9.98		58.6303
9.96		61.589
9.94		63.1039
9.92		59.9171
9.9		61.1285
9.88		61.8365
9.86		58.265
9.84		61.3029
9.82		58.7531
9.8		62.1029
9.78		60.2788
9.76		63.9536
9.74		60.4278
9.72		62.2762
9.7		58.3947
9.68		66.0789
9.66		61.0649
9.64		60.7439
9.62		54.452
9.6		64.0138
9.58		65.8136
9.56		62.9968
9.54		58.4284
9.52		60.6724
9.5		63.244
9.48		63.7375
9.46		68.1441
9.44		61.2991
9.42		60.1591
9.4		63.3144
9.38		60.9717
9.36		63.6968
9.34		63.2905
9.32		60.3072
9.3		55.5669
9.28		60.69
9.26		61.3167
9.24		60.281
9.22		62.6806
9.2		59.2277
9.18		59.1571
9.16		58.6743
9.14		59.8493
9.12		60.014
9.1		60.0032
9.08		56.7186
9.06		57.3352
9.04		54.8861
9.02		54.9045
9		55.0714
8.98		54.2168
8.96		55.8741
8.94		56.7059
8.92		57.7383
8.9		55.0998
8.88		55.8319
8.86		56.3221
8.84		57.6881
8.82		51.557
8.8		49.9523
8.78		51.8566
8.76		52.6008
8.74		53.9958
8.72		50.1391
8.7		53.8438
8.68		55.4486
8.66		59.161
8.64		51.2077
8.62		55.1249
8.6		52.6633
8.58		54.1853
8.56		54.846
8.54		49.7961
8.52		51.2849
8.5		55.9473
8.48		51.9666
8.46		50.7583
8.44		52.4615
8.42		50.6387
8.4		51.1454
8.38		52.1927
8.36		58.4721
8.34		52.931
8.32		52.4038
8.3		51.7637
8.28		54.6578
8.26		60.7219
8.24		53.5143
8.22		56.6166
8.2		52.2615
8.18		53.5497
8.16		54.6117
8.14		56.6555
8.12		53.6003
8.1		54.3565
8.08		56.1896
8.06		58.9372
8.04		52.3153
8.02		58.7721
8		57.1595
7.98		54.0795
7.96		55.0835
7.94		56.0229
7.92		60.9568
7.9		56.3387
7.88		55.4329
7.86		55.5883
7.84		58.9927
7.82		55.319
7.8		63.3716
7.78		62.9823
7.76		59.4497
7.74		55.8859
7.72		63.4918
7.7		60.7618
7.68		60.5342
7.66		62.0125
7.64		59.1896
7.62		57.6269
7.6		66.5437
7.58		60.1955
7.56		56.2875
7.54		55.8175
7.52		61.1596
7.5		55.4641
7.48		56.2835
7.46		59.0331
7.44		58.7326
7.42		57.5246
7.4		56.177
7.38		59.4604
7.36		55.1619
7.34		60.5399
7.32		51.06
7.3		51.2495
7.28		56.5405
7.26		55.5873
7.24		57.3208
7.22		51.4029
7.2		56.6101
7.18		52.2035
7.16		55.5921
7.14		54.6869
7.12		55.1749
7.1		56.9607
7.08		55.137
7.06		51.5952
7.04		56.156
7.02		53.6614
7		53.0795
6.98		54.338
6.96		54.65
6.94		51.3381
6.92		53.5079
6.9		55.3125
6.88		48.3802
6.86		48.5925
6.84		52.2366
6.82		51.5058
6.8		52.7249
6.78		47.9288
6.76		51.9387
6.74		48.8466
6.72		51.2541
6.7		45.633
6.68		49.1426
6.66		46.0251
6.64		49.7747
6.62		48.8181
6.6		47.6781
6.58		46.1283
6.56		49.1361
6.54		48.7183
6.52		48.8602
6.5		41.5036
6.48		43.455
6.46		49.8763
6.44		44.4868
6.42		41.1563
6.4		40.9259
6.38		42.8022
6.36		41.4427
6.34		41.8712
6.32		42.0773
6.3		43.0746
6.28		41.3218
6.26		44.559
6.24		42.7754
6.22		44.0838
6.2		41.972
6.18		40.6349
6.16		39.4445
6.14		44.2994
6.12		40.2978
6.1		40.9548
6.08		39.9529
6.06		38.3747
6.04		42.2379
6.02		39.37
6		40.1699
5.98		42.167
5.96		39.8883
5.94		38.9213
5.92		37.7953
5.9		37.9328
5.88		38.9491
5.86		40.1134
5.84		37.6912
5.82		32.8391
5.8		38.7304
5.78		41.8578
5.76		37.5792
5.74		40.494
5.72		35.1663
5.7		31.9205
5.68		36.1572
5.66		38.3412
5.64		37.0708
5.62		35.4934
5.6		36.5829
5.58		32.2993
5.56		33.8858
5.54		34.7262
5.52		35.8517
5.5		37.045
5.48		37.1125
5.46		35.6894
5.44		35.633
5.42		35.4914
5.4		35.3707
5.38		34.6051
5.36		37.2498
5.34		35.7061
5.32		37.3082
5.3		33.2152
5.28		39.0382
5.26		38.1531
5.24		39.3613
5.22		35.7085
5.2		36.8819
5.18		36.8234
5.16		37.6793
5.14		37.3047
5.12		38.6226
5.1		42.2663
5.08		40.066
5.06		39.6259
5.04		41.1429
5.02		43.1955
5		37.7697
4.98		40.0199
4.96		40.2532
4.94		38.7421
4.92		40.1114
4.9		42.9638
4.88		36.9257
4.86		36.8695
4.84		40.0548
4.82		39.5488
4.8		37.8869
4.78		40.7472
4.76		37.7471
4.74		36.3282
4.72		39.7
4.7		36.4904
4.68		37.8613
4.66		40.286
4.64		39.7711
4.62		40.3675
4.6		42.5802
4.58		42.5666
4.56		41.241
4.54		39.2701
4.52		35.1953
4.5		40.6997
4.48		43.9407
4.46		37.1577
4.44		42.483
4.42		41.2114
4.4		39.4872
4.38		43.684
4.36		42.5161
4.34		39.9116
4.32		41.7818
4.3		41.5447
4.28		38.2111
4.26		39.5441
4.24		37.3965
4.22		39.1951
4.2		40.0109
4.18		39.3474
4.16		43.0595
4.14		43.0937
4.12		45.0615
4.1		41.6293
4.08		38.6028
4.06		40.842
4.04		41.07
4.02		40.8599
4		43.2624
3.98		41.8832
3.96		43.5266
3.94		45.8353
3.92		39.4131
3.9		40.8779
3.88		44.9802
3.86		45.8745
3.84		43.4585
3.82		43.3123
3.8		42.2057
3.78		43.0405
3.76		43.5619
3.74		42.8798
3.72		40.3622
3.7		43.3312
3.68		46.8838
3.66		43.1364
3.64		45.9169
3.62		41.5402
3.6		42.6385
3.58		45.4923
3.56		46.446
3.54		45.3738
3.52		43.1835
3.5		44.4255
3.48		48.1259
3.46		43.4257
3.44		44.8774
3.42		42.9433
3.4		41.9422
3.38		44.3661
3.36		46.6819
3.34		47.137
3.32		44.2822
3.3		44.6472
3.28		40.0149
3.26		41.0763
3.24		40.7774
3.22		45.0455
3.2		38.4937
3.18		43.5357
3.16		44.041
3.14		43.2337
3.12		43.7108
3.1		46.6689
3.08		41.5413
3.06		41.9112
3.04		44.0005
3.02		45.2347
3		41.8262
2.98		45.7002
2.96		46.7917
2.94		43.7487
2.92		44.2417
2.9		41.6666
2.88		40.6791
2.86		44.9372
2.84		42.9876
2.82		41.9453
2.8		40.265
2.78		39.6239
2.76		44.5136
2.74		45.1446
2.72		42.7913
2.7		38.9299
2.68		40.12
2.66		40.3381
2.64		43.8514
2.62		40.4843
2.6		43.6562
2.58		43.2387
2.56		40.1467
2.54		40.9159
2.52		39.664
2.5		37.7701
2.48		39.0493
2.46		42.0938
2.44		37.8386
2.42		39.9484
2.4		39.0693
2.38		39.8991
2.36		39.1035
2.34		39.2868
2.32		37.1288
2.3		34.9605
2.28		37.014
2.26		41.6427
2.24		36.0708
2.22		41.4479
2.2		39.5587
2.18		36.2985
2.16		37.7783
2.14		38.4054
2.12		38.7283
2.1		38.9202
2.08		34.8039
2.06		36.9525
2.04		31.7755
2.02		36.4181
2		33.6596
1.98		32.3938
1.96		34.3572
1.94		32.0639
1.92		34.4087
1.9		33.1823
1.88		35.8019
1.86		34.5689
1.84		27.7493
1.82		29.0516
1.8		27.9677
1.78		30.5617
1.76		27.1721
1.74		27.4834
1.72		27.5615
1.7		31.2345
1.68		29.9396
1.66		30.6761
1.64		24.7772
1.62		27.8262
1.6		24.5604
1.58		25.3166
1.56		24.3407
1.54		25.3411
1.52		28.1129
1.5		24.6308
1.48		24.8903
1.46		21.6752
1.44		22.6472
1.42		24.0312
1.4		19.0891
1.38		21.6795
1.36		21.0668
1.34		19.7991
1.32		22.0019
1.3		19.4195
1.28		18.607
1.26		19.337
1.24		17.4636
1.22		20.0221
1.2		18.3095
1.18		13.6569
1.16		15.5385
1.14		18.0329
1.12		14.072
1.1		16.1833
1.08		12.7781
1.06		14.7171
1.04		14.1505
1.02		12.1522
1		13.076
0.98		11.6514
0.96		11.0679
0.94		12.6746
0.92		9.68743
0.9		7.67795
0.88		8.56814
0.86		9.0286
0.84		9.6039
0.82		8.93585
0.8		8.64602
0.78		5.9293
0.76		8.72484
0.74		7.78146
0.72		6.81238
0.7		6.58178
0.68		7.72949
0.66		5.52987
0.64		5.81172
0.62		6.74428
0.6		6.08719
0.58		5.73269
0.56		5.3253
0.54		3.94206
0.52		4.88782
0.5		4.83199
0.48		6.16218
0.46		5.88276
0.44		5.00165
0.42		5.48075
0.4		5.33517
0.38		4.46165
0.36		6.03755
0.34		4.95075
0.32		5.29324
0.3		5.83545
0.28		3.7813
0.26		4.75658
0.24		4.44579
0.22		5.07134
0.2		4.04203
0.18		3.83363
0.16		4.3612
0.14		4.25921
0.12		3.99927
0.1		4.12789
0.08		4.86207
0.06		3.10428
0.04		4.16357
0.02		3.78653
2.27E-13		3.39696
-0.02		3.31335
-0.04		5.52692
-0.06		2.79582
-0.08		2.71112
-0.1		4.33404
-0.12		3.03494
-0.14		3.51023
-0.16		2.85953
-0.18		4.22838
-0.2		3.19876
-0.22		3.28815
-0.24		3.3351
-0.26		3.24865
-0.28		1.65053
-0.3		3.93415
-0.32		4.30975
-0.34		3.74722
-0.36		3.13928
-0.38		2.39245
-0.4		3.31765
-0.42		3.32291
-0.44		3.76621
-0.46		4.25194
-0.48		2.83272
-0.5		3.58047
-0.52		4.6928
-0.54		2.83165
-0.56		2.79425
-0.58		2.68676
-0.6		3.41166
-0.62		2.87105
-0.64		2.84237
-0.66		4.17408
-0.68		4.03075
-0.7		4.16849
-0.72		3.27074
-0.74		3.12906
-0.76		3.50466
-0.78		3.28018
-0.8		2.83
-0.82		2.78368
-0.84		3.14263
-0.86		4.35022
-0.88		2.81778
-0.9		2.14206
-0.92		2.31452
